([[241, 9], [295, 9], [295, 21], [241, 21]], 'C3: ( maps', 0.8371512553308669);
([[301, 9], [351, 9], [351, 23], [301, 23]], '16@10x10', 0.5719661159934125);
([[41, 23], [75, 23], [75, 37], [41, 37]], 'INPUT', 0.9571975881329683);
([[135, 19], [219, 19], [219, 31], [135, 31]], 'C1: lcalure maps', 0.5063101471949606);
([[365, 19], [437, 19], [437, 33], [365, 33]], 'maps 16 @5x5', 0.8537441193989574);
([[135, 27], [183, 27], [183, 41], [135, 41]], '6 @28x28', 0.6401032811459697);
([[39, 33], [73, 33], [73, 47], [39, 47]], '32x32', 0.5526460388719882);
([[262, 38], [288, 38], [288, 46], [262, 46]], 'Mads', 0.30975818634033203);
([[423, 39], [469, 39], [469, 51], [423, 51]], 'C5: layer', 0.7710366286551439);
([[473, 41], [519, 41], [519, 55], [473, 55]], 'F6: layer', 0.9534796506415945);
([[527, 41], [573, 41], [573, 53], [527, 53]], 'OUTPUT', 0.9941387696044708);
([[235, 47], [283, 47], [283, 61], [235, 61]], '6@14x14', 0.8491314321408074);
([[465, 163], [547, 163], [547, 177], [465, 177]], 'Full connection', 0.9827533092551715);
([[579, 163], [695, 163], [695, 177], [579, 177]], 'Gaussian connections', 0.9999703046626575);
([[97, 179], [167, 179], [167, 193], [97, 193]], 'Convolutions', 0.9857970069156503);
([[218, 176], [291, 176], [291, 193], [218, 193]], 'Subsampling', 0.9998632309059343);
([[321, 179], [391, 179], [391, 193], [321, 193]], 'Convolutions', 0.999919471773351);
([[402, 176], [475, 176], [475, 193], [402, 193]], 'Subsampling', 0.9998627276591947);
([[511, 179], [593, 179], [593, 191], [511, 191]], 'Full connection', 0.7419226726071937);