([[29, 55], [580, 55], [580, 139], [29, 139]], 'Flights information', 0.9670744260563083);
([[32, 182], [262, 182], [262, 238], [32, 238]], 'Segment 1', 0.9997571369359822);
([[33, 236], [486, 236], [486, 302], [33, 302]], '2024/07/06, Saturday', 0.9046089848192534);
([[32, 330], [152, 330], [152, 378], [32, 378]], '13.05', 0.6945669407680758);
([[190, 330], [454, 330], [454, 384], [190, 384]], 'Narita (NRT)', 0.8120196268917584);
([[32, 394], [154, 394], [154, 442], [32, 442]], '15.30', 0.9753338919368473);
([[186, 392], [501, 392], [501, 454], [186, 454]], 'Cheongju (CJJ)', 0.9749893910653628);
([[31, 479], [363, 479], [363, 539], [31, 539]], 'Flight No:RF 321', 0.9402659316684823);
([[33, 539], [479, 539], [479, 601], [33, 601]], 'Departure terminal: T3', 0.9849601586539836);
([[34, 607], [406, 607], [406, 655], [34, 655]], 'Arrival terminal: Tl', 0.9061905007780833);
([[31, 670], [392, 670], [392, 733], [31, 733]], 'Flying Time: 02.25', 0.7009485916981054);
([[31, 735], [543, 735], [543, 800], [31, 800]], 'Baggage allowance: 1SKG', 0.789427566245564);