([[590, 30], [638, 30], [638, 58], [590, 58]], 'IHFU', 0.44060736894607544);
([[28, 82], [364, 82], [364, 110], [28, 110]], 'Image Processing and Computer Vision', 0.7862664836533461);
([[29, 119], [107, 119], [107, 135], [29, 135]], 'Module code', 0.9982157374978594);
([[141, 119], [197, 119], [197, 135], [141, 135]], 'Workload', 0.9999731523082155);
([[247, 119], [311, 119], [311, 135], [247, 135]], 'CreditsICP', 0.8001822892077549);
([[345, 119], [403, 119], [403, 135], [345, 135]], 'Semester', 0.9999485381494773);
([[452, 118], [577, 118], [577, 138], [452, 138]], 'Frequency of module', 0.7778407935150368);
([[625, 119], [679, 119], [679, 135], [625, 135]], 'Duration', 0.9999758497350107);
([[151, 149], [185, 149], [185, 165], [151, 165]], '180 h', 0.7924332453873435);
([[464, 148], [567, 148], [567, 166], [464, 166]], 'Winter or Summer', 0.9088078964942045);
([[627, 149], [683, 149], [683, 165], [627, 165]], 'Semester', 0.8059288121519733);
([[455, 169], [575, 169], [575, 185], [455, 185]], '(available on request)', 0.7950121065912396);
([[59, 199], [103, 199], [103, 215], [59, 215]], 'Module', 0.9999924566103624);
([[330, 198], [387, 198], [387, 217], [330, 217]], 'Teaching', 0.9999739531071099);
([[449, 199], [499, 199], [499, 215], [449, 215]], 'Contact', 0.9999221407390849);
([[526, 198], [589, 198], [589, 217], [526, 217]], 'Self-study', 0.8925262795773676);
([[621, 199], [683, 199], [683, 215], [621, 215]], 'Class size', 0.7836808386949211);
([[331, 219], [391, 219], [391, 235], [331, 235]], 'Language', 0.9999767348275211);
([[455, 217], [491, 217], [491, 231], [455, 231]], 'hours', 0.999988431284847);
([[56, 246], [275, 246], [275, 266], [56, 266]], 'Image Processing and Computer Vision', 0.616325399019049);
([[339, 247], [381, 247], [381, 265], [339, 265]], 'English', 0.938223243569327);
([[545, 247], [579, 247], [579, 263], [545, 263]], '135 h', 0.8484876710202338);