([[19, 47], [133, 47], [133, 63], [19, 63]], 'Customer Details:', 0.8285009573183362);
([[19, 79], [91, 79], [91, 93], [19, 93]], 'Contact Name', 0.792750807048819);
([[171, 79], [237, 79], [237, 93], [171, 93]], 'Paul Henriot', 0.9724529689612418);
([[19, 109], [65, 109], [65, 123], [19, 123]], 'Address:', 0.9927400635078169);
([[171, 109], [265, 109], [265, 123], [171, 123]], "59 rue de l'Abbaye", 0.5662391417916107);
([[19, 141], [45, 141], [45, 155], [19, 155]], 'Clty:', 0.5709781352817337);
([[171, 141], [205, 141], [205, 153], [171, 153]], 'Reims', 0.7507199786225349);
([[19, 171], [85, 171], [85, 185], [19, 185]], 'Postal Code:', 0.809014810271264);
([[171, 171], [205, 171], [205, 185], [171, 185]], '51100', 0.9890272828534377);
([[18, 200], [63, 200], [63, 217], [18, 217]], 'Country:', 0.9605866251510338);
([[171, 201], [209, 201], [209, 215], [171, 215]], 'France', 0.9752212573465664);
([[19, 233], [53, 233], [53, 245], [19, 245]], 'Phone', 0.9875403162412011);
([[171, 231], [233, 231], [233, 247], [171, 247]], '26,47.15.10', 0.5501536926974006);
([[19, 263], [43, 263], [43, 275], [19, 275]], 'Fax', 0.9997638633921998);
([[171, 261], [231, 261], [231, 277], [171, 277]], '26,47.15.11', 0.8304508346092114);