([[245, 33], [499, 33], [499, 69], [245, 69]], 'RANKIE UK LTD', 0.7083591615418444);
([[14, 84], [290, 84], [290, 108], [14, 108]], 'Address: 2F,16 NICHOLAS STREET,', 0.7955922448145966);
([[13, 105], [327, 105], [327, 123], [13, 123]], 'CHINA TOWN MANCHESTER MI 4EJ GB', 0.7685821453239567);
([[314, 168], [428, 168], [428, 198], [314, 198]], 'INVOICE', 0.9467798285535864);
([[13, 215], [87, 215], [87, 235], [13, 235]], 'Order No.', 0.8251648186055426);
([[107, 215], [271, 215], [271, 235], [107, 235]], '028-1594497-7565101', 0.7138915671770656);
([[295, 215], [385, 215], [385, 235], [295, 235]], 'Order Date:', 0.9948811771594426);
([[397, 215], [485, 215], [485, 235], [397, 235]], '2020-01-03', 0.8556876258103737);
([[511, 219], [607, 219], [607, 235], [511, 235]], 'Invoice Date:', 0.9827197083208766);
([[624, 215], [710, 215], [710, 235], [624, 235]], '2020-01-15', 0.8843085755145094);
([[69, 259], [141, 259], [141, 275], [69, 275]], 'Address:', 0.9999370739350846);
([[395, 253], [546, 253], [546, 282], [395, 282]], 'Shipping Address:', 0.7856343473241345);
([[13.257218647291792, 252.14304661822948], [68.94636922555281, 259.5399490921421], [65.7427813527082, 280.8569533817705], [10.05363077444718, 273.4600509078579]], 'Billing', 0.9999915292956714);