([[4, 22], [109, 22], [109, 63], [4, 63]], 'Agenda', 0.9999867138922579);
([[331, 29], [347, 29], [347, 51], [331, 51]], '1', 0.9999339591439735);
([[368, 24], [754, 24], [754, 56], [368, 56]], 'Introduction of Team Members', 0.6091822474057362);
([[326, 56], [350, 56], [350, 86], [326, 86]], '2', 1.0);
([[369, 53], [705, 53], [705, 94], [369, 94]], 'Roles and Responsibilities', 0.9998883321086052);
([[326, 90], [350, 90], [350, 116], [326, 116]], '3', 0.991203778739653);
([[369, 86], [1121, 86], [1121, 127], [369, 127]], 'Project Organization (Document Storage; GitHub; Meetings)', 0.7619436561992152);
([[329, 123], [349, 123], [349, 147], [329, 147]], '4', 0.9999992847443906);
([[370, 122], [550, 122], [550, 154], [370, 154]], 'Requirements', 0.9999830688182818);
([[329, 155], [349, 155], [349, 179], [329, 179]], '5', 0.9999971389790971);
([[368, 150], [641, 150], [641, 187], [368, 187]], 'Solution Design Draft', 0.8675931989271478);