([[597, 35], [665, 35], [665, 49], [597, 49]], '01.10.2021', 0.9988167283726221);
([[39, 85], [131, 85], [131, 99], [39, 99]], 'Rechnungs-Nr.', 0.9969131762598892);
([[139, 83], [391, 83], [391, 97], [139, 97]], 'DOF-2110016LV3UW766GXF-0016764129', 0.8076232782765106);
([[39, 121], [119, 121], [119, 135], [39, 135]], 'Warenkorb-Nr .', 0.9483499401577161);
([[125, 121], [221, 121], [221, 135], [125, 135]], '6LV3UW766GXF', 0.879047582748075);
([[39, 139], [169, 139], [169, 153], [39, 153]], 'Erstellt am 01.10.2021', 0.9771991496391274);
([[51, 189], [73, 189], [73, 203], [51, 203]], 'Pos', 0.9949723407752022);
([[89, 189], [135, 189], [135, 203], [89, 203]], 'Produkt', 0.9999742273595225);
([[493, 189], [545, 189], [545, 203], [493, 203]], 'USt-Satz', 0.9886929007139973);
([[583, 189], [647, 189], [647, 203], [583, 203]], 'Bruttopreis', 0.9962143736412742);
([[123, 211], [195, 211], [195, 225], [123, 225]], 'Packchen M', 0.9617491838225475);
([[509, 211], [549, 211], [549, 225], [509, 225]], '0,00 %', 0.4549617201765283);
([[607, 211], [637, 211], [637, 225], [607, 225]], '4,39', 0.9999430775642395);
([[88, 252], [193, 252], [193, 269], [88, 269]], 'Rechnungsbetrag:', 0.9999633722749904);
([[607, 253], [647, 253], [647, 267], [607, 267]], '4,39 €', 0.5991344507511948);
([[39, 305], [175, 305], [175, 323], [39, 323]], 'Die Bezahlung von 4,39', 0.9961822445979259);
([[185, 307], [285, 307], [285, 323], [185, 323]], 'ist bereits erfolgt.', 0.8924136485708779);
([[39, 351], [413, 351], [413, 367], [39, 367]], 'Wir danken Ihnen fur Ihren Einkaul bei der DHL Online Frankierung', 0.7056056316820868);
([[39, 371], [119, 371], [119, 385], [39, 385]], 'Ihr DHL Team', 0.9677758789260228);
