([[37, 31], [225, 31], [225, 49], [37, 49]], 'ANLAGE ZUR RECHNUNG', 0.8314897357865091);
([[233, 31], [347, 31], [347, 51], [233, 51]], 'FEBRUAR 2022', 0.7015561509216791);
([[37, 73], [215, 73], [215, 89], [37, 89]], 'Telcfonverbindungen Festnetz', 0.6039819413603609);
([[322, 74], [379, 74], [379, 92], [322, 92]], 'Zeitraum', 0.9999525000344399);
([[36, 86], [119, 86], [119, 104], [36, 104]], 'Ortsgesprache', 0.7540235771487303);
([[323, 91], [375, 91], [375, 105], [323, 105]], '04.01.22', 0.7498364046762842);
([[381, 91], [431, 91], [431, 105], [381, 105]], '11,01.22', 0.4262880356167949);
([[37, 101], [175, 101], [175, 119], [37, 119]], 'Nationale Ferngespräche', 0.9843293317882957);
([[323, 105], [375, 105], [375, 119], [323, 119]], '01.01,22', 0.667865055724977);
([[381, 105], [431, 105], [431, 121], [381, 121]], '28,01.22', 0.9198570448846448);
([[37, 117], [125, 117], [125, 133], [37, 133]], 'Sonstige Anrufe', 0.6973451912703749);
([[323, 119], [375, 119], [375, 133], [323, 133]], '07,.01.22', 0.47460577982639107);
([[381, 119], [431, 119], [431, 135], [381, 135]], '24.01.22', 0.9808138403854776);
([[37, 131], [167, 131], [167, 145], [37, 145]], 'Telefonnummer 07723', 0.6254648967610946);
([[173, 133], [323, 133], [323, 147], [173, 147]], '504666 Gesamt ohne USt.', 0.9867915867785034);
([[36, 154], [215, 154], [215, 173], [36, 173]], 'Ielefonverbindungen Festnetz', 0.8642775255150431);
([[323, 159], [377, 159], [377, 173], [323, 173]], 'Zcitraum', 0.7034807128029151);
([[37, 171], [119, 171], [119, 187], [37, 187]], 'Ortsgespräche', 0.9979258031413831);
([[323, 173], [375, 173], [375, 187], [323, 187]], '03.01.22', 0.8946716802854171);
([[381, 175], [431, 175], [431, 189], [381, 189]], '03,01.22', 0.9486174655389972);
([[35, 185], [175, 185], [175, 201], [35, 201]], 'Nationale Ferngesprache', 0.9124302681290216);
([[323, 187], [375, 187], [375, 201], [323, 201]], '03.01.22', 0.9812104863338049);
([[381, 187], [431, 187], [431, 203], [381, 203]], '17.01.22', 0.8986531192577423);
([[35, 198], [197, 198], [197, 216], [35, 216]], 'Internationale Ferngesprache', 0.8024303411306477);
([[323, 201], [373, 201], [373, 215], [323, 215]], '06.01,22', 0.6688685070492238);
([[379, 201], [431, 201], [431, 215], [379, 215]], '20.01.22', 0.986413054837415);
([[35, 213], [201, 213], [201, 229], [35, 229]], 'Nationale Mobilfunkgespräche', 0.7017467284554684);
([[323, 215], [373, 215], [373, 229], [323, 229]], '19.01.22', 0.9532371186689733);
([[379, 215], [431, 215], [431, 231], [379, 231]], '27.01.22', 0.6328860963517615);
([[34, 226], [167, 226], [167, 243], [34, 243]], 'Telefonnummer 07723', 0.6742212820193719);
([[171, 229], [303, 229], [303, 243], [171, 243]], '8181124 Gesamt ohnc', 0.9956471426823992);
([[301.47000105999683, 227.15200169599493], [329.95202856128526, 231.69399081958687], [327.52999894000317, 244.84799830400507], [300.04797143871474, 241.30600918041313]], 'USt', 0.9761597518031945);
