([[21, 17], [73, 17], [73, 29], [21, 29]], 'DETAILS:', 0.9912451180049326);
([[20, 29], [167, 29], [167, 43], [20, 43]], 'Reservierungsnr: BB3241820', 0.9442613832856825);
([[20, 44], [129, 44], [129, 59], [20, 59]], 'Zimmernummer; 307', 0.9342551794242377);
([[21, 59], [143, 59], [143, 73], [21, 73]], 'Gaste: GERD HEIZMANN', 0.947083766216617);
([[21, 75], [137, 75], [137, 87], [21, 87]], 'Aufenthalt; 21.10.2021', 0.8628565683598003);
([[143, 75], [203, 75], [203, 87], [143, 87]], '22.10.2021', 0.8897882898035276);
([[39, 115], [83, 115], [83, 129], [39, 129]], 'Datum', 0.9999641209379332);
([[107, 115], [153, 115], [153, 129], [107, 129]], 'Anzahl', 0.9874130125177022);
([[169, 115], [239, 115], [239, 129], [169, 129]], 'Einzelpreis', 0.9407749482528188);
([[255, 115], [341, 115], [341, 129], [255, 129]], 'Beschreibung', 0.8012785742748372);
([[481, 115], [527, 115], [527, 129], [481, 129]], 'Rabatt', 0.9995107725309093);
([[547, 115], [587, 115], [587, 127], [547, 127]], 'MwSt.', 0.9801636573851825);
([[607, 115], [651, 115], [651, 129], [607, 129]], 'Betrag', 0.6032883357049255);
([[31, 139], [89, 139], [89, 153], [31, 153]], '21.10.2021', 0.6976349135397375);
([[169, 141], [201, 141], [201, 153], [169, 153]], '65,00', 0.7766303912312383);
([[255, 141], [335, 141], [335, 153], [255, 153]], 'Horelaufenthalt', 0.6486876396169531);
([[341, 141], [407, 141], [407, 153], [341, 153]], 'Zimmer: 307', 0.9903118036961931);
([[480, 142], [502, 142], [502, 150], [480, 150]], 'UU', 0.4364986304636275);
([[553, 139], [579, 139], [579, 153], [553, 153]], '00%', 0.9421738323616075);
([[31, 163], [89, 163], [89, 177], [31, 177]], '22.10,2021', 0.5574969930455657);
([[255, 162], [445, 162], [445, 177], [255, 177]], 'Frühstück Enwvachsener - Zimmer: 307', 0.5618747274514575);
([[553, 163], [579, 163], [579, 175], [553, 175]], '0036', 0.8468812816648514);
([[607, 163], [631, 163], [631, 175], [607, 175]], '7,00', 0.537685210380576);
([[31, 187], [89, 187], [89, 199], [31, 199]], '22.10.2021', 0.9911551728097824);
([[170, 188], [192, 188], [192, 196], [170, 196]], '1 50', 0.47684919834136963);
([[255, 187], [343, 187], [343, 201], [255, 201]], 'inkl. Heißgetrank', 0.42107021058523764);
([[347, 187], [415, 187], [415, 199], [347, 199]], 'Zimmer: 307', 0.989536643525496);
([[543, 185], [585, 185], [585, 199], [543, 199]], '19,009', 0.520443327818982);
([[605, 187], [631, 187], [631, 199], [605, 199]], '1,50', 0.8027403490518198);
([[493, 211], [525, 211], [525, 225], [493, 225]], 'Total', 0.9997410062721158);
([[603, 211], [641, 211], [641, 225], [603, 225]], '73,50', 0.9776616127165684);
([[289, 245], [351, 245], [351, 257], [289, 257]], 'MwSt-Satz', 0.6662532047805445);
([[397, 245], [459, 245], [459, 257], [397, 257]], 'Netto EUR', 0.9927652795960057);
([[507, 245], [567, 245], [567, 257], [507, 257]], 'MwSt EuR', 0.4469578226124075);
([[593, 245], [647, 245], [647, 257], [593, 257]], 'Total EUR', 0.9615972731977821);
([[307, 269], [333, 269], [333, 283], [307, 283]], '198', 0.7296182050067588);
([[411, 269], [437, 269], [437, 283], [411, 283]], '1,26', 0.9999170303344727);
([[519, 269], [545, 269], [545, 283], [519, 283]], '0,24', 0.820075137663155);
([[603, 269], [629, 269], [629, 283], [603, 283]], '1,50 ,', 0.48994344982257076);
([[407, 293], [449, 293], [449, 307], [407, 307]], '67,29 €', 0.9576033876775453);
([[519, 293], [555, 293], [555, 305], [519, 305]], '4,71 €', 0.9691316621795357);
([[599, 293], [631, 293], [631, 305], [599, 305]], '72,00', 0.9375105540899126);
([[21, 339], [97, 339], [97, 353], [21, 353]], 'ZAHLUNG:', 0.8047390490059497);
([[31, 363], [75, 363], [75, 375], [31, 375]], 'Datum', 0.9968850001432963);
([[143, 363], [197, 363], [197, 377], [143, 377]], 'Zahlung', 0.9999693161152429);
([[251, 363], [295, 363], [295, 377], [251, 377]], 'Betrag', 0.9995218698108739);
([[351, 363], [389, 363], [389, 375], [351, 375]], 'Detail', 0.9984369310023526);
([[31, 387], [89, 387], [89, 401], [31, 401]], '21.10.2021', 0.7353184873488289);
([[145, 387], [189, 387], [189, 401], [145, 401]], 'Girocard', 0.888528611861581);
([[251, 387], [293, 387], [293, 401], [251, 401]], '73,50 €', 0.9980219120616923);
([[349, 387], [445, 387], [445, 401], [349, 401]], 'Autorisierungs-Nr:', 0.9454712006299172);
([[509, 387], [625, 387], [625, 399], [509, 399]], 'Transaktions-ID: 16015', 0.7124833082202576);
([[350, 406], [388, 406], [388, 414], [350, 414]], 'Termire', 0.7578816905580994);
([[393, 405], [463, 405], [463, 417], [393, 417]], 'ID: 69275973', 0.8412260354107813);
([[509, 405], [599, 405], [599, 417], [509, 417]], 'Unizcit: 19.08,20', 0.4239732463783479);
([[349, 423], [429, 423], [429, 437], [349, 437]], 'Beleg-Nr : 5279', 0.6941328366294424);
([[510, 424], [616, 424], [616, 432], [510, 432]], 'Krediteaitennumnier:', 0.40301170673131065);
([[621, 421], [651, 421], [651, 435], [621, 435]], '5022', 0.9908256530761719);
([[21, 17], [73, 17], [73, 29], [21, 29]], 'DETAILS:', 0.9912451180049326);
([[20, 29], [167, 29], [167, 43], [20, 43]], 'Reservierungsnr: BB3241820', 0.9442613832856825);
([[20, 44], [129, 44], [129, 59], [20, 59]], 'Zimmernummer; 307', 0.9342551794242377);
([[21, 59], [143, 59], [143, 73], [21, 73]], 'Gaste: GERD HEIZMANN', 0.947083766216617);
([[21, 75], [137, 75], [137, 87], [21, 87]], 'Aufenthalt; 21.10.2021', 0.8628565683598003);
([[143, 75], [203, 75], [203, 87], [143, 87]], '22.10.2021', 0.8897882898035276);
([[39, 115], [83, 115], [83, 129], [39, 129]], 'Datum', 0.9999641209379332);
([[107, 115], [153, 115], [153, 129], [107, 129]], 'Anzahl', 0.9874130125177022);
([[169, 115], [239, 115], [239, 129], [169, 129]], 'Einzelpreis', 0.9407749482528188);
([[255, 115], [341, 115], [341, 129], [255, 129]], 'Beschreibung', 0.8012785742748372);
([[481, 115], [527, 115], [527, 129], [481, 129]], 'Rabatt', 0.9995107725309093);
([[547, 115], [587, 115], [587, 127], [547, 127]], 'MwSt.', 0.9801636573851825);
([[607, 115], [651, 115], [651, 129], [607, 129]], 'Betrag', 0.6032883357049255);
([[31, 139], [89, 139], [89, 153], [31, 153]], '21.10.2021', 0.6976349135397375);
([[169, 141], [201, 141], [201, 153], [169, 153]], '65,00', 0.7766303912312383);
([[255, 141], [335, 141], [335, 153], [255, 153]], 'Horelaufenthalt', 0.6486876396169531);
([[341, 141], [407, 141], [407, 153], [341, 153]], 'Zimmer: 307', 0.9903118036961931);
([[480, 142], [502, 142], [502, 150], [480, 150]], 'UU', 0.4364986304636275);
([[553, 139], [579, 139], [579, 153], [553, 153]], '00%', 0.9421738323616075);
([[31, 163], [89, 163], [89, 177], [31, 177]], '22.10,2021', 0.5574969930455657);
([[255, 162], [445, 162], [445, 177], [255, 177]], 'Frühstück Enwvachsener - Zimmer: 307', 0.5618747274514575);
([[553, 163], [579, 163], [579, 175], [553, 175]], '0036', 0.8468812816648514);
([[607, 163], [631, 163], [631, 175], [607, 175]], '7,00', 0.537685210380576);
([[31, 187], [89, 187], [89, 199], [31, 199]], '22.10.2021', 0.9911551728097824);
([[170, 188], [192, 188], [192, 196], [170, 196]], '1 50', 0.47684919834136963);
([[255, 187], [343, 187], [343, 201], [255, 201]], 'inkl. Heißgetrank', 0.42107021058523764);
([[347, 187], [415, 187], [415, 199], [347, 199]], 'Zimmer: 307', 0.989536643525496);
([[543, 185], [585, 185], [585, 199], [543, 199]], '19,009', 0.520443327818982);
([[605, 187], [631, 187], [631, 199], [605, 199]], '1,50', 0.8027403490518198);
([[493, 211], [525, 211], [525, 225], [493, 225]], 'Total', 0.9997410062721158);
([[603, 211], [641, 211], [641, 225], [603, 225]], '73,50', 0.9776616127165684);
([[289, 245], [351, 245], [351, 257], [289, 257]], 'MwSt-Satz', 0.6662532047805445);
([[397, 245], [459, 245], [459, 257], [397, 257]], 'Netto EUR', 0.9927652795960057);
([[507, 245], [567, 245], [567, 257], [507, 257]], 'MwSt EuR', 0.4469578226124075);
([[593, 245], [647, 245], [647, 257], [593, 257]], 'Total EUR', 0.9615972731977821);
([[307, 269], [333, 269], [333, 283], [307, 283]], '198', 0.7296182050067588);
([[411, 269], [437, 269], [437, 283], [411, 283]], '1,26', 0.9999170303344727);
([[519, 269], [545, 269], [545, 283], [519, 283]], '0,24', 0.820075137663155);
([[603, 269], [629, 269], [629, 283], [603, 283]], '1,50 ,', 0.48994344982257076);
([[407, 293], [449, 293], [449, 307], [407, 307]], '67,29 €', 0.9576033876775453);
([[519, 293], [555, 293], [555, 305], [519, 305]], '4,71 €', 0.9691316621795357);
([[599, 293], [631, 293], [631, 305], [599, 305]], '72,00', 0.9375105540899126);
([[21, 339], [97, 339], [97, 353], [21, 353]], 'ZAHLUNG:', 0.8047390490059497);
([[31, 363], [75, 363], [75, 375], [31, 375]], 'Datum', 0.9968850001432963);
([[143, 363], [197, 363], [197, 377], [143, 377]], 'Zahlung', 0.9999693161152429);
([[251, 363], [295, 363], [295, 377], [251, 377]], 'Betrag', 0.9995218698108739);
([[351, 363], [389, 363], [389, 375], [351, 375]], 'Detail', 0.9984369310023526);
([[31, 387], [89, 387], [89, 401], [31, 401]], '21.10.2021', 0.7353184873488289);
([[145, 387], [189, 387], [189, 401], [145, 401]], 'Girocard', 0.888528611861581);
([[251, 387], [293, 387], [293, 401], [251, 401]], '73,50 €', 0.9980219120616923);
([[349, 387], [445, 387], [445, 401], [349, 401]], 'Autorisierungs-Nr:', 0.9454712006299172);
([[509, 387], [625, 387], [625, 399], [509, 399]], 'Transaktions-ID: 16015', 0.7124833082202576);
([[350, 406], [388, 406], [388, 414], [350, 414]], 'Termire', 0.7578816905580994);
([[393, 405], [463, 405], [463, 417], [393, 417]], 'ID: 69275973', 0.8412260354107813);
([[509, 405], [599, 405], [599, 417], [509, 417]], 'Unizcit: 19.08,20', 0.4239732463783479);
([[349, 423], [429, 423], [429, 437], [349, 437]], 'Beleg-Nr : 5279', 0.6941328366294424);
([[510, 424], [616, 424], [616, 432], [510, 432]], 'Krediteaitennumnier:', 0.40301170673131065);
([[621, 421], [651, 421], [651, 435], [621, 435]], '5022', 0.9908256530761719);
