([[108, 210], [170, 210], [170, 266], [108, 266]], 'Du', 0.39973359100553874);
([[103, 247], [205, 247], [205, 331], [103, 331]], 'WG', 0.4784868668923501);
([[269, 301], [317, 301], [317, 339], [269, 339]], 'die', 0.5600042877348673);
([[180, 362], [233, 362], [233, 392], [180, 392]], 'Ilos', 0.020539699122309685);
([[164, 424], [200, 424], [200, 454], [164, 454]], 'S0', 0.33545458151970303);
([[265.43826238111393, 93.75060990489115], [308.7393718304724, 87.01278896108323], [310.56173761888607, 104.24939009510885], [268.2606281695276, 109.98721103891677]], '', 0.0);
([[328.25995562830275, 182.25785357339916], [411.91855482727425, 175.56374936724674], [413.74004437169725, 226.74214642660084], [329.08144517272575, 233.43625063275326]], 'EINE', 0.8075540810089863);
([[158.4203985176459, 205.58283688705643], [336.5661664670233, 185.75995739741742], [338.57960148235406, 237.41716311294357], [161.43383353297665, 256.24004260258255]], 'SCHMEIßT', 0.6598456755261717);
([[197.76462184759066, 239.2820252056036], [416.09008779346794, 215.05659037202818], [419.23537815240934, 295.7179747943964], [200.90991220653206, 319.9434096279718]], 'PARTY?', 0.9996748439669824);
([[307.8800042399873, 297.60800678397965], [409.56982857577253, 284.1954712693897], [413.1199957600127, 320.39199321602035], [311.43017142422747, 333.8045287306103]], 'ORIMKS?', 0.39558571253305047);
([[147.88000423998727, 319.60800678397965], [276.68770710909445, 304.4505432314729], [279.1199957600127, 342.39199321602035], [150.31229289090555, 357.5494567685271]], "SPoHSERH '", 0.050867086814343765);
([[98.51443729458359, 328.28609323645895], [155.10445600046506, 322.47762949962214], [158.4855627054164, 360.71390676354105], [100.89554399953494, 366.52237050037786]], 'WIR', 0.937801139772887);
([[225.54230423844288, 360.27961296691], [329.7752427482613, 344.86068981913485], [333.45769576155715, 370.72038703309], [229.22475725173868, 386.13931018086515]], '061ur giat', 0.0025606799475756544);
([[188.0, 425.0], [338.8399497181504, 400.0332086065871], [343.0, 425.0], [192.16005028184958, 449.9667913934129]], 'VelianuunSt', 0.0017085861645325705);
