([[38, 48], [82, 48], [82, 56], [38, 56]], 'Summe', 0.5550947687446838);
([[85, 45], [263, 45], [263, 61], [85, 61]], 'steuerpflichliger Umsätze (16,', 0.7865825361144619);
([[273, 47], [319, 47], [319, 61], [273, 61]], '% USt)', 0.9813251017006132);
([[671, 47], [709, 47], [709, 63], [671, 63]], '47,95', 0.9049595717352059);
([[35, 61], [217, 61], [217, 77], [35, 77]], 'Summe 16,0 % Umsatzsteuer', 0.7777833190328576);
([[679, 63], [707, 63], [707, 79], [679, 79]], '7,67', 0.9852790630464549);
([[36, 89], [129, 89], [129, 109], [36, 109]], 'Gesamtbetrag', 0.9999747752157028);
([[136, 90], [327, 90], [327, 109], [136, 109]], 'Einzug durch Banklastschrift', 0.7512299230886145);
([[671, 93], [709, 93], [709, 109], [671, 109]], '55,62', 0.8100492602934831);
([[35, 144], [646, 144], [646, 165], [35, 165]], 'Soweit nichts anderes angegeben ist, gilt der Monat der Rechnungsausstellung als Monat der Leistung.', 0.887531168409945);
