([[56, 79], [1000, 79], [1000, 136], [56, 136]], 'Zahlungsreferenznummer 2Ab6ymoZkEpJp7y4oPqa', 0.8445507771897098);
([[59, 153], [569, 153], [569, 197], [59, 197]], 'Verkauft von NORVECO AB', 0.9210705308069354);
([[59, 225], [507, 225], [507, 269], [59, 269]], 'USt-IDNr. DE324906473', 0.6020609713426281);
([[70, 374], [392, 374], [392, 426], [70, 426]], 'Rechnungsdatum', 0.9955478827270327);
([[65, 425], [302, 425], [302, 476], [65, 476]], '/Lieferdatum', 0.6234148400890582);
([[514, 430], [759, 430], [759, 480], [514, 480]], '06 April 2022', 0.9992883207064743);
([[69, 500], [430, 500], [430, 556], [69, 556]], 'Rechnungsnummer', 0.9999794081779987);
([[513, 499], [1054, 499], [1054, 549], [513, 549]], 'INV-DE-401847955-2022-327', 0.8583476376524858);
([[65, 567], [272, 567], [272, 628], [65, 628]], 'Zahlbetrag', 0.9631925665709471);
([[515, 575], [681, 575], [681, 619], [515, 619]], '249,00 €', 0.9848939950007995);
