([[443, 15], [477, 15], [477, 29], [443, 29]], 'Netto', 0.9998359573416307);
([[551, 13], [591, 13], [591, 29], [551, 29]], '6,71 €', 0.9856699061382036);
([[389, 39], [477, 39], [477, 55], [389, 55]], 'MwSt. 19,00%', 0.6481911323014009);
([[551, 39], [591, 39], [591, 55], [551, 55]], '1,28 €', 0.9997049961822998);
([[351, 67], [477, 67], [477, 83], [351, 83]], 'Gesamtpreis Brutto', 0.9989455798453271);
([[551, 67], [581, 67], [581, 83], [551, 83]], '7,99', 0.9956559281897268);
([[164, 113], [215, 113], [215, 131], [164, 131]], 'Zahlung', 0.9999798144536372);
([[219, 114], [375, 114], [375, 132], [219, 132]], 'eBay Managed Payments)', 0.8219564173571878);
([[379, 115], [477, 115], [477, 129], [379, 129]], 'vom 11.06.2023', 0.800276150107287);
([[561, 115], [591, 115], [591, 131], [561, 131]], '99 €', 0.6551158294542004);
([[383, 132], [477, 132], [477, 151], [383, 151]], 'offener Betrag', 0.46377514682562465);
([[551, 133], [581, 133], [581, 149], [551, 149]], '0,00', 0.9769006644682715);
([[24, 171], [89, 171], [89, 189], [24, 189]], 'Lieferung', 0.9998860724106838);
([[399, 171], [441, 171], [441, 185], [399, 185]], 'Datum', 0.9998511515464987);
([[541, 171], [591, 171], [591, 185], [541, 185]], 'LieferNr', 0.9988785068440845);
([[25, 197], [63, 197], [63, 211], [25, 211]], '07-3-1', 0.8933197967451117);
([[67, 197], [127, 197], [127, 211], [67, 211]], '23-162440', 0.791464053512931);
([[43, 213], [181, 213], [181, 225], [43, 225]], 'Trzoung ID: 0l340435088317041050', 0.2418229456678891);
([[394, 216], [434, 216], [434, 222], [394, 222]], 'Tau', 0.04939985712245636);
([[516, 214], [584, 214], [584, 222], [516, 222]], '42021 182240 001', 0.10455402270247371);
([[615, 207], [699, 207], [699, 221], [615, 221]], 'Auftragsdatum:', 0.9234954669960382);
([[615, 219], [673, 219], [673, 231], [615, 231]], '11.06.2023', 0.9519656716216086);
([[58, 228], [112, 228], [112, 236], [58, 236]], '42022 18244 1', 0.17886486991395426);
([[616, 240], [706, 240], [706, 248], [616, 248]], 'Aultraasnummer:', 0.6606926743571042);
([[615, 249], [687, 249], [687, 263], [615, 263]], 'A2023-162440', 0.9937117630616501);
