([[520, 0], [669, 0], [669, 33], [520, 33]], 'Rechnung', 0.8969900838357805);
([[39, 61], [101, 61], [101, 75], [39, 75]], 'Beleg-Nr.:', 0.9460646979688239);
([[151, 61], [233, 61], [233, 75], [151, 75]], 'Beleg Datum:', 0.9775733322372504);
([[277, 61], [417, 61], [417, 75], [277, 75]], 'Lieter-/Leistungsdatum:', 0.7333896312146637);
([[495, 61], [599, 61], [599, 75], [495, 75]], 'Auttragsnummer:', 0.7391035889669962);
([[39, 77], [111, 77], [111, 91], [39, 91]], 'BIK1612695', 0.659202087360249);
([[151, 77], [219, 77], [219, 91], [151, 91]], '12.01.2024', 0.817379080751606);
([[277, 77], [345, 77], [345, 91], [277, 91]], '12.01.2024', 0.9920914616637694);
([[495, 77], [603, 77], [603, 93], [495, 93]], 'AJDA-XSJ MST-A33', 0.8619371284988897);
([[71, 121], [99, 121], [99, 135], [71, 135]], 'SKU', 0.9941692511878253);
([[200, 120], [277, 120], [277, 137], [200, 137]], 'Bezeichnung', 0.9971772670598829);
([[369, 123], [413, 123], [413, 137], [369, 137]], 'Menge', 0.6056603404205239);
([[455, 123], [519, 123], [519, 137], [455, 137]], 'Einzelpreis', 0.9982198724247359);
([[565, 123], [641, 123], [641, 137], [565, 137]], 'Gesamtpreis', 0.9997789347517344);
([[41, 165], [93, 165], [93, 179], [41, 179]], '3055602', 0.999708017677482);
([[125, 165], [293, 165], [293, 181], [125, 181]], 'Maloja MontasioM. moonless', 0.8557725162686672);
([[485, 165], [529, 165], [529, 179], [485, 179]], '132,90', 0.9971643896967608);
([[609, 165], [653, 165], [653, 181], [609, 181]], '132,90', 0.6504116772920492);
([[124, 180], [291, 180], [291, 198], [124, 198]], 'Serennummer: #OOO1NISD', 0.8255808591403577);
([[41, 213], [95, 213], [95, 227], [41, 227]], '3055644', 0.9920206592354927);
([[125, 213], [275, 213], [275, 227], [125, 227]], 'Maloja AnetoM. moonless', 0.9389779840092048);
([[485, 213], [529, 213], [529, 227], [485, 227]], '160,90', 0.6472750509226798);
([[609, 213], [651, 213], [651, 227], [609, 227]], '160,90', 0.9244405909971612);
([[125, 229], [289, 229], [289, 243], [125, 243]], 'Seriennummer: #OOOINSYL', 0.6260377773877845);
([[41, 259], [99, 259], [99, 273], [41, 273]], 'VERSAND', 0.999625599783255);
([[125, 259], [215, 259], [215, 273], [125, 273]], 'Versandkosten', 0.9974124696017979);
([[221, 259], [277, 259], [277, 273], [221, 273]], 'Standard', 0.9952426188846731);
([[623, 259], [653, 259], [653, 275], [623, 275]], '1,90', 0.9995346665382385);
([[529, 311], [585, 311], [585, 325], [529, 325]], 'Gesamt:', 0.9999492655417396);
([[605, 311], [663, 311], [663, 327], [605, 327]], '295,70 €', 0.9991220692822472);
([[475, 333], [511, 333], [511, 347], [475, 347]], 'enthal', 0.7977090219125186);
([[519, 333], [585, 333], [585, 347], [519, 347]], 'Mwst 1996:', 0.6534584338720502);
([[617, 333], [663, 333], [663, 347], [617, 347]], '47,21 €', 0.9046874593376026);
([[485, 355], [585, 355], [585, 369], [485, 369]], 'entspricht Netto:', 0.9925625018663887);
([[609, 355], [653, 355], [653, 369], [609, 369]], '248,49', 0.7781316848292256);
