([[97.39651465788245, -19.983433226539383], [310.8858015078364, 97.4190744698163], [261.60348534211755, 183.98343322653938], [48.114198492163595, 65.5809255301837]], 'Hl9pps ,', 0.10512596328995208);
([[202.56570927681108, 171.10339400999644], [259.59773172779035, 122.01788014590123], [365.4342907231889, 259.89660599000354], [309.40226827220965, 308.98211985409876]], '(', 0.19076136148751832);
([[55.48248227213042, 212.01030503047355], [126.3428885802372, 148.00452280900993], [414.5175177278696, 488.98969496952645], [343.65711141976277, 552.9954771909901]], '1', 0.5398479753981889);
([[186.22033345271643, 252.03383470623885], [235.4260620571442, 204.01009059425724], [398.77966654728357, 384.96616529376115], [349.5739379428558, 432.98990940574276]], '1', 0.6221694279603618);
([[361.1555692331382, 225.03571695103068], [495.9134220318744, 282.6869639692882], [459.8444307668618, 362.9642830489693], [325.0865779681256, 305.3130360307118]], '"3L', 0.09810341804906551);
([[278, 340], [378, 340], [378, 480], [278, 480]], '0"', 0.5452203973255698);
([[550.3862937952482, 45.1190095908164], [631.2036785843582, 86.67199497239916], [518.6137062047518, 302.8809904091836], [436.79632141564184, 260.32800502760085]], '8', 0.3199136511530156);
([[67.37584598972153, 324.0162430026534], [377.2235654197897, 68.41771934109532], [427.62415401027846, 155.98375699734657], [117.77643458021032, 412.58228065890466]], 'FERHAT', 0.9979813705053994);
([[351.1291540840611, 178.99881782160617], [406.8806880701431, 224.91880756623866], [243.8708459159389, 401.00118217839383], [189.11931192985693, 354.0811924337613]], '4', 0.3496066619914586);
([[424.4122284918634, 186.60154359506166], [493.3145042902034, 247.1775660571599], [372.5877715081366, 378.3984564049383], [302.6854957097966, 317.82243394284006]], '(', 0.24230190148156172);
