([[495, 0], [707, 0], [707, 17], [495, 17]], 'Email: info@holel-classico de', 0.5960549710456521);
([[341, 46], [568, 46], [568, 71], [341, 71]], 'Rechnungsnummer: 15205', 0.7614473976433547);
([[339, 65], [496, 65], [496, 89], [339, 89]], 'Rechnungsdatum:', 0.9999895040685984);
([[559, 69], [657, 69], [657, 85], [559, 85]], '23.09.2020', 0.6363514301119128);
([[338, 82], [672, 82], [672, 109], [338, 109]], 'Zahlungsbedingungen:10 Tage rein netto', 0.917419348641866);
([[57, 133], [313, 133], [313, 153], [57, 153]], 'Sehr geehrter Damen und Herren,', 0.8501210406626626);
([[29, 189], [55, 189], [55, 203], [29, 203]], 'wir', 0.9702337372064908);
([[56, 185], [189, 185], [189, 206], [56, 206]], 'berechnen Ihnen:', 0.978876622383578);
([[33, 205], [65, 205], [65, 221], [33, 221]], 'Anz', 0.524596050581159);
([[77, 205], [133, 205], [133, 221], [77, 221]], 'Artikel', 0.9996038346040931);
([[285, 203], [335, 203], [335, 223], [285, 223]], 'MwSt', 0.982263445854187);
([[365, 201], [458, 201], [458, 227], [365, 227]], 'Einzelpreis', 0.9982958151414884);
([[489, 207], [595, 207], [595, 227], [489, 227]], 'Gesamtpreis', 0.9998158171416057);
([[74, 218], [288, 218], [288, 242], [74, 242]], 'Einzelzimmer v. 22.-23.09.2q1', 0.4422132481263013);
([[414, 220], [478, 220], [478, 244], [414, 244]], '74,00 €', 0.9312337433168142);
([[570, 222], [632, 222], [632, 246], [570, 246]], '74,00 €', 0.719922682928805);
([[75, 237], [179, 237], [179, 257], [75, 257]], 'mit Frühstück', 0.8400684711823924);
