([[5, 15], [103, 15], [103, 29], [5, 29]], 'Herkunftsland', 0.73539234836616);
([[110, 12], [185, 12], [185, 31], [110, 31]], 'Export:CN', 0.9976467349188355);
([[397, 11], [542, 11], [542, 35], [397, 35]], 'Bestimmungsland:DE', 0.9937927632374659);
([[509, 51], [559, 51], [559, 67], [509, 67]], 'Einheit', 0.8022588056194778);
([[89, 58], [182, 58], [182, 82], [89, 82]], 'Beschreibung', 0.847917751786158);
([[313, 61], [353, 61], [353, 77], [313, 77]], 'ASIN', 0.9962595701217651);
([[613, 63], [643, 63], [643, 77], [613, 77]], 'VAT', 0.9983314431691728);
([[684, 63], [768, 63], [768, 77], [684, 77]], 'Gcsamtwert', 0.6928062735792451);
([[517, 71], [553, 71], [553, 87], [517, 87]], 'Wert', 0.9968565106391907);
([[1, 99], [109, 99], [109, 115], [1, 115]], 'Vicloon 8 Stücke', 0.8041678375918887);
([[106, 97], [272, 97], [272, 122], [106, 122]], 'Halogen-Stiftsockellampe', 0.8244335206333298);
([[15, 115], [255, 115], [255, 136], [15, 136]], 'GUI0, Warmweiß Halogenlampe 5OW', 0.5723494283340218);
([[282, 117], [382, 117], [382, 133], [282, 133]], 'BO7LSKBWKP', 0.8235212545747395);
([[519, 115], [557, 115], [557, 131], [519, 131]], '10.08', 0.9994276761844687);
([[613, 115], [643, 115], [643, 131], [613, 131]], '1.91', 0.6116815405811376);
([[707, 117], [745, 117], [745, 133], [707, 133]], '11.99', 0.9890732651825567);
([[99, 135], [173, 135], [173, 151], [99, 151]], '220V-240V', 0.6374996950203319);
([[524, 163], [667, 163], [667, 183], [524, 183]], 'Gesamtbetrag (EUR)', 0.6236594400376189);
([[707, 163], [745, 163], [745, 179], [707, 179]], '11.99', 0.9744255799840517);
([[415.1055728090001, 59.21114561800017], [464.95960811756083, 65.600079976008], [461.8944271909999, 82.78885438199983], [412.04039188243917, 76.399920023992]], 'Menge', 0.9972642783974723);
