([[116, 24], [186, 24], [186, 52], [116, 52]], 'Class', 0.9983231711051385);
([[388, 24], [498, 24], [498, 52], [388, 52]], 'Lecturer', 0.9927315400209817);
([[697, 22], [768, 22], [768, 53], [697, 53]], 'Class', 0.9997632913464027);
([[972, 24], [1080, 24], [1080, 52], [972, 52]], 'Lecturer', 0.8682069228024983);
([[132, 76], [172, 76], [172, 106], [132, 106]], 'AB', 0.9773848367715324);
([[397, 69], [487, 69], [487, 109], [397, 109]], '김용정', 0.9960566529192068);
([[723, 79], [743, 79], [743, 101], [723, 101]], 'IJ', 0.9182510247866796);
([[981, 71], [1071, 71], [1071, 109], [981, 109]], '강원모', 0.5247356754133226);
([[130, 128], [174, 128], [174, 158], [130, 158]], 'CD', 0.9999706659194536);
([[397, 119], [487, 119], [487, 159], [397, 159]], '변재형', 0.6739844736044738);
([[716, 126], [752, 126], [752, 156], [716, 156]], 'KL', 0.9999586963383006);
([[981, 123], [1071, 123], [1071, 161], [981, 161]], '이승훈', 0.8478391105533096);
([[136, 176], [170, 176], [170, 208], [136, 208]], 'EF', 0.9997228535741208);
([[397, 171], [487, 171], [487, 211], [397, 211]], '신수진', 0.9956872646724776);
([[710, 178], [760, 178], [760, 206], [710, 206]], 'MN', 0.9999140215116552);
([[981, 171], [1069, 171], [1069, 209], [981, 209]], '김탁원', 0.9890453376969317);
([[130, 226], [174, 226], [174, 256], [130, 256]], 'GH', 0.9999645968308075);
([[397, 219], [489, 219], [489, 259], [397, 259]], '박정환', 0.9986770844107483);
([[712, 228], [756, 228], [756, 256], [712, 256]], 'OP', 0.9986952144432885);
([[983, 223], [1071, 223], [1071, 261], [983, 261]], '임민규', 0.8642082288933669);
