([[26, 34], [204, 34], [204, 60], [26, 60]], 'Date of Train Ride', 0.9571987380383399);
([[215, 29], [383, 29], [383, 65], [215, 65]], '2024-6-2(Sun)', 0.807755244569016);
([[25, 69], [167, 69], [167, 113], [25, 113]], 'Daejeon', 0.8252433385330591);
([[251, 70], [356, 70], [356, 114], [251, 114]], 'Busan', 0.997565796632689);
([[28, 120], [72, 120], [72, 148], [28, 148]], '대전', 0.9968295865009714);
([[252, 118], [298, 118], [298, 148], [252, 148]], '부산', 0.9999887046632835);
([[34, 152], [96, 152], [96, 176], [34, 176]], '08.16', 0.6917385704285021);
([[258, 152], [320, 152], [320, 176], [258, 176]], '09.45', 0.9668519807929643);
([[26, 196], [66, 196], [66, 222], [26, 222]], 'SRT', 0.9998425288819304);
([[114, 195], [268, 195], [268, 224], [114, 224]], '309 (Economy)', 0.8917039513651398);
([[322, 194], [500, 194], [500, 224], [322, 224]], 'Coach 8 Seat 1D', 0.7239404427316694);
([[27, 295], [69, 295], [69, 315], [27, 315]], 'Train', 0.9091721534511341);
([[68, 299], [146, 299], [146, 330], [68, 330]], '33,100', 0.6699802084383593);
([[198, 294], [320, 294], [320, 326], [198, 326]], 'Discount 100', 0.9991905933645242);
([[373, 295], [439, 295], [439, 315], [373, 315]], 'Receive', 0.999982788225427);
([[440, 296], [531, 296], [531, 334], [440, 334]], '33,000', 0.9998684998533804);
([[27, 313], [65, 313], [65, 333], [27, 333]], 'Fare', 0.999979555606842);
([[201, 315], [269, 315], [269, 333], [201, 333]], 'amount', 0.9996683707796781);
([[374, 314], [443, 314], [443, 334], [374, 334]], 'amount', 0.6450317415201043);
([[25, 349], [114, 349], [114, 374], [25, 374]], 'Passenger', 0.9142304838274753);
([[130, 348], [190, 348], [190, 372], [130, 372]], 'Adult', 0.9999580966525837);
([[313, 351], [417, 351], [417, 371], [313, 371]], 'Credit45461', 0.9998705998569537);
