([[44, 22], [84, 22], [84, 48], [44, 48]], '학번', 0.9999623209253468);
([[129, 35], [207, 35], [207, 55], [129, 55]], '20246103', 0.7490221124563744);
([[29, 53], [103, 53], [103, 67], [29, 67]], '(Student ID)', 0.8609572933668026);
([[44, 72], [84, 72], [84, 98], [44, 98]], '이름', 0.9996941961641093);
([[131, 85], [313, 85], [313, 105], [131, 105]], 'Paul Marius Heizmann', 0.7929573052126536);
([[43, 103], [89, 103], [89, 117], [43, 117]], '(Yame)', 0.9973079979445263);
([[36, 122], [92, 122], [92, 148], [36, 148]], '현주소', 0.999931381276554);
([[130, 122], [502, 122], [502, 148], [130, 148]], '대전광역시 유성구 대학로 291 한국과학기술원', 0.9602417392906112);
([[37, 153], [95, 153], [95, 167], [37, 167]], '(Address)', 0.9882702151174892);
([[131, 151], [537, 151], [537, 169], [131, 169]], '(KAIST, 291 Daehak-ro, Yuseong-yu, Daejeon 34141, Kepublic of Korea)', 0.3264730880702028);
([[26, 172], [104, 172], [104, 200], [26, 200]], '생활관명', 0.9995971918106079);
([[129, 181], [246, 181], [246, 211], [129, 211]], '희망관 1008호', 0.9873765563402566);
([[19, 203], [111, 203], [111, 217], [19, 217]], '(Hall & Koom#)', 0.7269312518594615);
([[316.33041051999305, 147.04503784794838], [396.9442911218464, 195.2556981106898], [374.66958948000695, 230.95496215205162], [294.0557088781536, 182.7443018893102]], '{e', 0.010074500951526367);
