([[151, 93], [600, 93], [600, 159], [151, 159]], '한화생명 Eagles Park', 0.6365087501539803);
([[371, 161], [417, 161], [417, 181], [371, 181]], '10,36', 0.8656194165124506);
([[593, 157], [715, 157], [715, 193], [593, 193]], '0x말바본', 0.06002947289808029);
([[423, 195], [465, 195], [465, 209], [423, 209]], 'IUm', 0.3072400568108341);
([[231, 207], [265, 207], [265, 221], [231, 221]], '스미신', 0.9881929159164429);
([[538, 210], [568, 210], [568, 218], [538, 218]], '시돌a', 0.025734420865774155);
([[209, 219], [231, 219], [231, 233], [209, 233]], '23', 0.507673035377479);
([[211, 229], [265, 229], [265, 245], [211, 245]], 'J 바a리무', 0.22723415845906697);
([[229, 245], [265, 245], [265, 259], [229, 259]], '의미미', 0.37467363476753235);
([[273, 239], [329, 239], [329, 253], [273, 253]], '이) 오명;', 0.027771434150999884);
([[409, 239], [435, 239], [435, 255], [409, 255]], '@?', 0.3920524714552362);
([[439, 239], [461, 239], [461, 253], [439, 253]], 'III', 0.16264680249235236);
([[211, 257], [265, 257], [265, 271], [211, 271]], '572히', 0.1220153197646141);
([[293, 253], [329, 253], [329, 267], [293, 267]], '마다', 0.25921283580270293);
([[411, 253], [435, 253], [435, 267], [411, 267]], '미다', 0.025756396586055386);
([[211, 267], [255, 267], [255, 285], [211, 285]], '00리다', 0.12124516814947128);
([[293, 265], [327, 265], [327, 281], [293, 281]], '보무 `', 0.005410048644989729);
([[411, 265], [435, 265], [435, 279], [411, 279]], '도', 0.4032445181824329);
([[628, 256], [656, 256], [656, 280], [628, 280]], '99', 0.9662696971294606);
([[211, 281], [255, 281], [255, 297], [211, 297]], '7굳기다', 0.2840503454208374);
([[294, 282], [316, 282], [316, 290], [294, 290]], "'", 0.2699509337099393);
([[211, 295], [243, 295], [243, 309], [211, 309]], '9리', 0.12878847442973104);
([[211, 307], [265, 307], [265, 321], [211, 321]], '94드오', 0.10894132433302862);
([[417, 305], [487, 305], [487, 319], [417, 319]], 'I UJIFt', 0.005801816516261531);
([[12, 308], [74, 308], [74, 332], [12, 332]], 'TI', 0.3308114190248924);
([[287, 319], [337, 319], [337, 335], [287, 335]], 'Uil 80', 0.1667704833026367);
([[421, 319], [457, 319], [457, 333], [421, 333]], 'Dil s', 0.12744771550430958);
([[461, 317], [509, 317], [509, 331], [461, 331]], 'O대 SWU', 0.08956817741715245);
([[541, 315], [563, 315], [563, 329], [541, 329]], '간', 0.01953756106003368);
([[630, 322], [760, 322], [760, 350], [630, 350]], '아 이클 타 임', 0.6536333273677115);
([[16, 340], [84, 340], [84, 368], [16, 368]], '집근경색', 0.8991778492927551);
([[92, 338], [158, 338], [158, 364], [92, 364]], '뇌급중은', 0.3221321403980255);
([[675, 349], [721, 349], [721, 369], [675, 369]], '키성장', 0.9903029569109362);
([[14, 372], [160, 372], [160, 402], [14, 402]], '어 진인 / 이신 엉무덤원', 0.026235593712077468);
([[298, 372], [388, 372], [388, 404], [298, 404]], '캐러리야', 0.1977156102657318);
([[504, 368], [586, 368], [586, 400], [504, 400]], '캐터리야', 0.38389253614552926);
([[663, 362], [734, 362], [734, 388], [663, 388]], '그등 브랜드', 0.686353434266562);
